c: 11000000001010110111110011110010110110011110101100000110011111100001011010001000101001001111000100001011110111011111110101100111
frequency_test: 0.37675911781158217
same_bits_test: 0.3184266820209769
longest_seq_test: 0.495422933607943

java: 10010001101110101010011011010110001101011111001001001011010010111110011001111001001111111001101010010000011111100010100101010111
frequency_test: 0.2888443663464849
same_bits_test: 0.241846617237059
longest_seq_test: 0.810463464493085

c: 11000000001010110111110011110010110110011110101100000110011111100001011010001000101001001111000100001011110111011111110101100111
frequency_test: 0.37675911781158217
same_bits_test: 0.3184266820209769
longest_seq_test: 0.495422933607943

java: 10010001101110101010011011010110001101011111001001001011010010111110011001111001001111111001101010010000011111100010100101010111
frequency_test: 0.2888443663464849
same_bits_test: 0.241846617237059
longest_seq_test: 0.810463464493085

