c_frequency_test: 0.37675911781158217
c_same_bits_test: 0.3184266820209769
c_longest_seq_test: 0.495422933607943
java_frequency_test: 0.2888443663464849
java_same_bits_test: 0.241846617237059
java_longest_seq_test: 0.810463464493085
